PILLARS.
Pillar: 1.
-5.64456 -2.61316
-5.63169 -2.81288
-5.63169 -2.81288
-5.56436 -2.77443
-5.56436 -2.77444
-5.56436 -2.77443
-5.56436 -2.77443
-5.56436 -2.77443
-5.56436 -2.77443
Pillar: 2.
0.589649 8.53798
0.635578 8.64271
0.635577 8.64271
Pillar: 3.
-3.61389 -8.28817
-3.67269 -8.1932
-3.67269 -8.1932
-3.72471 -8.19673
-3.72471 -8.19673
-3.72471 -8.19672
-3.72471 -8.19673
-3.72471 -8.19672
-3.72471 -8.19672
FEATURES.
Feature: 1.
-5.64456 -2.61316
-5.42842 -2.85742
-5.45241 -2.84965
-5.49858 -2.84494
-5.50659 -2.83532
-5.51366 -2.82697
-5.51988 -2.81975
-5.52536 -2.81349
-5.53018 -2.80809
Feature: 2.
0.589649 8.53798
1.14273 8.4266
1.07896 8.45745
Feature: 3.
-3.61389 -8.28817
-3.61389 -8.28817
-3.61877 -8.27397
-3.65894 -8.26723
-3.66695 -8.25761
-3.67402 -8.24926
-3.68024 -8.24204
-3.68572 -8.23578
-3.69054 -8.23038
